right=[  569.0000  267.8220
  446.1102  341.4497
  374.2712  278.8126
  420.7269  324.9428
  560.5264  241.5364
  341.7135  251.7700
  960.1646    9.9202
  552.4465  215.9907
  383.6431  313.1944
  293.8745  230.7703
  269.4198  253.4481
  960.5029   10.5901
  329.5058  303.4171
  531.1452  184.3767
  231.7909  203.3055
  959.9201   10.4815
  304.4647  321.6821
  194.3157  220.4688
  509.1871  192.6099
  960.4521   10.1898
  526.4875  222.9763
  355.8616  337.9397
  250.8243  244.9554
  437.7357  372.0820
  569.9061  282.1898
  349.8693  294.0349
  961.4249   10.1626
  418.6653  347.0381
  598.3266  339.9158
  490.4554  411.9981
  961.3100   10.2300
  959.9458   10.3123
  461.6251  386.0600
  616.6402  378.8846
  524.5042  441.0041
  532.6372  449.0192
  961.3248   10.3368
  622.3330  391.8750
  442.9679  383.5422
  605.1507  376.8844
  504.5036  439.4779
  960.5900   10.4628
  453.4462  417.7372
  580.4958  342.4647
  381.0947  350.1628
  961.5701   10.1542
  552.0637  290.8931
  385.2956  385.0490
  300.6013  300.5339
  507.1240  242.6711
  297.8468  366.4008
  199.6969  269.0593
  173.0614  291.8817
  204.9446  260.2697
  960.1776   10.0339
  142.9338  269.4636
  249.2610  380.5256
  468.2812  240.6221
  478.9002  254.8463
  292.4693  381.6889
  180.8699  283.5361
  960.1546   10.4506
  532.9768  287.4839
  386.7883  390.3196
  291.0032  306.6148
  960.7587   10.6848
  384.3046  350.3580
  577.6297  343.3705
  460.8869  420.4212
  960.5159   10.2617
  441.8523  373.1866
  959.9657   10.1654
  505.5984  431.9142
  604.9362  370.8353
  528.8375  438.5392
  617.1781  383.6056
  471.6120  386.0749
  961.2159   10.1986
  627.0424  389.9081
  959.9737   10.1611
  467.9106  384.6963
  960.3702   10.3937
  526.5873  440.8999
  624.2679  383.1425
  615.5181  356.8668
  420.3308  359.4885
  491.0605  428.0442
  960.3537   10.5168
  595.6784  314.6212
  423.0645  409.9431
  334.6641  316.0248
  961.0504   10.2818
  568.0362  266.8598
  332.1930  398.9390
  220.3456  284.1042
  227.6001  273.7277
  960.2193   10.2892
  190.0225  308.5020
  170.9673  257.0096
  161.9645  269.5266
  553.6224  235.4749
  192.0382  250.1455
  320.7278  366.5611
  556.6798  223.0815
  960.1765   10.3967
   1.0e+03 *
    0.3941    0.3303
    0.5889    0.2103
    0.2777    0.2298
    0.9615    0.0104
    0.3058    0.2543
    1.0218    0.1737
  464.3303  348.9126
  614.9876  253.5862
  369.8216  264.5329
  960.1960   10.3661
  440.8918  319.3144
  514.3061  387.4874
  629.9083  314.7506
  960.4157   10.3040
  487.2991  363.2636
  961.1629   10.5822
  643.9816  362.2788
  657.5111  380.4666
  568.5586  431.6959
  960.1163   10.1892
  512.6629  371.0769
  659.6488  373.6564
  487.9242  347.5277
  653.8073  351.7198
  547.9630  408.2751
  960.0709   10.3332
  508.5743  389.5246
  641.9150  317.4921
  437.0657  317.3544
  959.4997   10.4394
  616.7568  275.2238
  431.5345  372.7063
  960.7923   10.2994
  315.7974  299.5666
  566.1460  253.7671
  315.6094  388.7032
  218.0672  251.8716
  212.0091  263.4782
  961.0761   10.4419
  150.9731  265.5909
  142.1630  278.7403
  180.1171  270.8729
  307.0571  397.3610
  546.7245  260.8812
  387.6845  366.7510
  577.9252  256.2147
  274.9654  261.5779
  458.0309  392.7272
  372.3533  310.7243
  597.3525  307.9515
  960.0132   10.5884
  431.7861  355.1484
  498.3741  421.3630
  608.1239  357.3892]